-0.3021190706900201
-0.20900956404437443
-0.048484992601915015
-0.04679084712835098
-0.007838762444952222
-0.14121120532410036
0.0476670020035899
0.01011589943734025
-0.2138976681140122
-0.19896819431069976
-0.1878958389477292
-0.28484944609855384
-0.06258348874204635
0.05557397701901504
-0.15506211029199016
-0.18708666783587663
-0.21738358225595772
-0.06243643554661273
-0.061472690702304676
0.004420911122201433
0.13343341907945946
-0.19686189919511737
0.008038038714667366
0.008038038714667366
0.008038038714667366
0.008038038714667366
0.19270205284123654
-0.2600035601735119
-0.07391021117934626
0.06069395197110193
-0.04695556682224763
-0.0379881220961039
0.14547790218333836
0.02937685394293487
-0.4048162339189598
-0.011876731390907535
-0.011876731390907535
-0.17996977903307879
-0.011876731390907535
-0.09263946392646767
-0.09263946392646767
0.10225943921843682
0.16705978271240388
0.16705978271240388
-0.0033484674121509526
-0.06715186429688065
-0.15058468633685462
-0.06715186429688065
0.12818988151061633
-0.260414016324118
0.12818988151061633
-0.021431448400380998
0.02329780671490659
0.09954639621502447
0.12818988151061633
-0.15058468633685462
-0.04099106487845791
0.16597391333469835
-0.04099106487845791
0.13160526473341946
0.09747128726954382
0.10816762254837077
0.06648494421218977
0.09747128726954382
0.09747128726954382
0.04361921124945571
0.13356556251836768
0.023278881696366886
-0.039997554886805585
-0.10075912883567216
-0.12004958451211452
-0.16816724917832782
-0.09102136822644633
0.11269308731887687
-0.16409105290039258
0.14461190803701235
-0.06919060671275842
-0.09241790243913707
-0.18509484035471077
0.03747031070834583
-0.22656667503681824
0.06902060128725634
-0.13306981984884503
-0.1954277941898318
-0.22023843024399642
-0.11567957702833187
0.20178192331217343
0.12602690999613472
0.156447340287153
0.3042007915752137
0.08568792619753003
0.016733450401863866
0.1753534587625489
0.20911447713127074
0.09585900481882158
0.09585900481882158
0.09585900481882158
-0.22302071304272997
0.09585900481882158
0.1418022917301969
0.1257024305134266
-0.03179004107992464
-0.05296000946146487
-0.06481579191388677
-0.06481579191388677
-0.04180167050040401
-0.13261679261839046
-0.24408922756481358
-0.060697763952055374
-0.13261679261839046
0.00921343201014626
0.09584651833189764
-0.14148688989021044
0.007555397112855087
0.14183330642287367
-0.10592577214555206
-0.19615086064336515
0.14620620440603788
0.14620620440603788
0.14620620440603788
-0.12215187864782749
-0.052203595214386354
0.14620620440603788
-0.10507250248155287
-0.12215187864782749
-0.0995865049664893
-0.03935826424189228
0.2766223121504995
-0.16124094175802867
-0.10381368932167165
-0.22682528602311303
-0.007723496339989085
-0.03884289537117028
-0.02568482308795245
-0.03345994140823518
-0.0383344109983854
0.09176271815265753
-0.11192209462454283
0.09520459218651861
0.11597102932506148
-0.09865676967051559
0.20790729553456846
-0.06424940864962338
0.12930976732039934
0.028533454113339258
0.11822546640377582
0.12791269821355894
0.24078467432515258
-0.11418374957124872
0.029645592329371737
-0.12390949326062163
-0.1049618190558433
0.06839500999128993
-0.043135483033438775
0.02059502470677401
-0.08209223307802481
-0.1196278792571809
0.1074459959153476
-0.020145394792267318
-0.06810470258542521
0.1597080277238897
0.056738534939402216
-0.1035111145888135
-0.1735104421687068
0.0422063260680593
0.046318154379597444
-0.035992258146063605
-0.062479192265937615
-0.05097880843231609
-0.06379793838095026
-0.15249090661791054
-0.01699980539851542
0.08940238070312734
-0.07786684800036553
-0.11857676515642566
-0.2337358971686514
-0.2337358971686514
0.09779130757362342
-0.01054759733577181
-0.16956748886582554
-0.04589841314377566
0.06517825219774079
-0.04589841314377566
0.019096154015437065
0.07911669051590152
0.055695729161712046
0.040936029561246444
-0.18257245938029962
0.23123107874285964
0.0821660630032563
0.21625270984149447
0.02668298419769336
-0.19887775902479962
-0.09208550866710576
0.10711937285925544
0.09030709577887991
0.11675502843027952
-0.10073354253737057
0.08860448171938871
-0.026961120624093823
0.02665267561276005
0.2214798143344572
-0.09674666858536038
-0.09674666858536038
0.046782808992913115
0.046782808992913115
-0.16429480583740635
0.1285754435149434
-0.13261475987041263
-0.09154314462451804
0.007832410813867749
0.10524034891017255
0.031658173313794315
-0.26612924163875246
-0.06639462279975299
0.1316934554891023
-0.17583781534551457
-0.19418588098617784
-0.19418588098617784
-0.23278624589778946
-0.15532383355504564
-0.12865645655933183
-0.2255109753021663
0.18578666396697113
0.014419109326146758
-0.1343876369273949
-0.1343876369273949
-0.1343876369273949
-0.1343876369273949
0.17933099103166703
-0.1343876369273949
-0.2538177276564242
0.04547788566743112
0.0014906668367051978
-0.11780011245777292
-0.2538177276564242
0.21896209524801952
0.012265989377282656
0.13803436586973536
-0.102924545779307
0.036548939858183
-0.027684700041038634
-0.16993526143688673
0.21816103034155673
0.05976240373210112
0.06978219959307008
0.14810930608221612
0.09741138697853201
0.12070844972141935
0.09741138697853201
0.06978219959307008
0.20124975991988442
0.10918932462648882
0.15211582463394213
-0.2743866304359822
0.2411331945730562
0.01876627604725265
-0.16333766468503058
-0.02502602878363851
-0.13246808574710026
-0.1627221198228707
0.30850198168320314
-0.21916175212320918
-0.14272553971698637
-0.15172990442368897
-0.2578697028477979
0.2562956432729195
0.11925722994672633
-0.13169170889661577
-0.19119912924096125
-0.21022271818414714
-0.06807953128572784
-0.00784271071856664
0.23682717488025873
-0.16677908318447499
-0.2177186589831259
-0.03298569501649569
-0.16051255476341278
0.13339350562019686
-0.30903021759774274
-0.1664944829848132
0.008645634973191561
0.1967388233347037
0.0567569336525245
0.08806755886833961
-0.0344785043208288
-0.05731536428452833
-0.16937411052676413
0.04873490863401368
-0.12423394203134172
0.1936041735729339
0.1936041735729339
-0.08588857772139585
-0.17485112607504258
-0.18884223328485933
-0.04347950017527044
-0.08206747781138576
0.19362153870012735
0.07106758840910524
0.07106758840910524
0.07106758840910524
0.24828218881245612
-0.07196098125830007
0.04775274742664468
0.0149822082687833
-0.04533745810254539
-0.010843826836043515
0.08119733230709894
0.011692227182070207
0.011692227182070207
0.2454330932129136
-0.011115770582958373
-0.2385304445614566
0.009800666687871544
-0.07672787718687121
-0.07672787718687121
-0.113024969369921
-0.10778058182739743
0.17040596065221522
-0.026189732631206136
0.06473886379403423
0.17040596065221522
-0.027563776696664082
-0.2987596540821892
-0.0736762264978249
-0.07583929773269119
-0.05718553680648559
0.1439038369424612
0.07850487372736348
0.061405659978810714
-0.013430086003929254
-0.17268200758606556
-0.24981027336854222
0.04475010822231382
-0.2654305249932864
-0.19063338858754506
-0.10674606754879322
-0.13705411240482013
-0.15753234145204187
0.029110359034392776
-0.1409227718242964
0.04280793533169971
-0.010722261353463105
0.04821048175871039
-0.1840979949061599
-0.2758032876353824
-0.04664917836835824
-0.12099859849987699
-0.10012514893914957
0.03266836863281203
-0.20852413040564644
-0.12545791283190927
0.16102421981347173
0.060636377236839144
-0.14818795263429627
0.29660565804542116
-0.21974448507783445
-0.2720203792671544
-0.14813159570769768
-0.07801539274834289
0.2216030330825954
-0.22595138441632803
0.09252500093377283
-0.1024105731362402
0.10401933760649672
0.004430385676455721
-0.07399236551530199
-0.1024105731362402
-0.22695890002378963
0.18758576774364813
-0.1295579975541634
0.06895320703499602
-0.26840167107340507
-0.15908235904358423
0.039133487265893725
0.03828815338656361
0.09400554803404203
-0.07608759798455877
0.03199720484320978
0.12530467248534716
0.03199720484320978
0.17222738014159186
0.12849755431087956
-0.003536271485691548
0.21715061202461722
-0.048388124218781914
0.12849755431087956
-0.07672133754102672
0.10593885480900724
-0.05435131861709519
0.10287477666280025
0.013562666512499467
-0.035529741259645725
-0.12805604864558653
-0.1350471187841299
0.1784264843774935
0.05260907599260769
0.13424822639060707
0.05260907599260769
-0.002258985933182438
-9.973506333062344E-4
0.2307735100778229
0.254817144310832
-0.02398655286436241
-0.02398655286436241
-0.009484448582447043
-0.1625306685169908
0.27708724199067697
-0.02398655286436241
-0.026041476657652406
-9.319201933305178E-4
0.013110742660690188
0.1203556958312073
0.30785362687630335
-0.013931267753801527
0.3015530143477114
0.04156592291268061
0.23214343304067622
0.028124197152220698
0.01670885830048297
-0.09471059813331432
0.13298562203003148
-0.1140780842761649
-0.1140780842761649
-0.0542763873076542
0.04541837057581763
-0.016674548614524953
-0.07340267218382893
0.13912214095340458
0.07070066858896319
0.1379885092762871
-0.22495880668634433
0.09675570776327808
0.06210942233035965
-0.009276102957480806
-0.01871289874457428
-0.009276102957480806
-0.12104712814094691
-0.018038919146102426
-0.0936562763149862
-0.11447801223069419
0.13597112282645527
0.05362726388768693
0.09243162937900477
0.1825590386190643
-0.11447801223069419
0.0642176015615747
-0.30778904996456313
0.08088844535622404
0.12412825042902817
-0.26791889149028714
-0.2540172511427899
0.05144766243466736
-0.17275429369350592
-0.18880135558311986
-0.024282073285302838
-0.017956385712540688
0.17861649200332141
-0.014916243923042761
0.25421595664270186
0.0762287065249321
-0.06413350367218798
0.08453391850763123
-0.06854575389269248
-0.18169458462935248
-0.01214680751330032
-0.24099669164058407
0.10288408324313658
0.10288408324313658
0.10288408324313658
0.10288408324313658
0.1596637793190461
-0.1682350324151834
0.05675175450829604
-0.18131778628191714
-0.011994592764549544
-0.05004887147401694
-0.009978760266326984
-0.16701594484820056
0.1997108127418373
-0.09175672265317719
-0.16701594484820056
0.05766455386410285
-0.19771438384606846
-0.09175672265317719
-0.2378350967056348
-0.13776205959983615
-0.12032370534625153
0.07426056460334038
0.1287663672877194
0.04228431412928092
0.03557255039548518
-0.07024598516152258
0.21685780911601107
0.1400036957408945
0.0025141940164128494
0.23365185133165187
-0.0527356432813974
0.08697125099809938
0.19539660282373783
-0.16585988027242296
0.036002685874795985
0.0660853692600254
-0.14399832015054015
0.014297544415342532
0.18318371919565601
-0.04674302655730935
-0.04674302655730935
-0.04674302655730935
-0.06521760942732795
-0.06314348177833236
-0.06314348177833236
-0.05983117142362336
0.048468238773993304
-0.12715883350335574
0.1680773045168366
0.015113441789920561
0.13061887175786435
0.13828861754868674
-0.06116052986543839
-0.061425781954636154
-0.08824510789861156
-0.0966788635636122
-0.18996207796320652
0.15972591356230084
-0.18996207796320652
-0.1899714697724865
0.15972591356230084
-0.18996207796320652
-0.013555206881777197
0.12594585317006143
0.13342379696816342
-0.31136324057398235
0.04417992199759069
0.0033642386343277213
0.17161030800826402
-0.1067758709288357
-0.20632937466956414
-0.015204041162681934
0.15175323551565054
0.033495068654978484
-0.015204041162681934
0.15175323551565054
0.13128916438600863
-0.2018333404367113
0.0855717395095595
-0.055340407274411293
-0.19031680212359495
-0.18361824331501186
-0.2018333404367113
0.14991504504117828
0.005519869942255252
-0.020865042698152755
0.14664809961299535
0.01768540142954489
0.0399860553913656
0.17587455526478574
-0.09423755916478903
-0.26866361946052497
-0.15505218708801816
-0.25833795346784316
-0.25833795346784316
-0.1344696345993845
-0.13278009202352747
-0.23998300965804775
-0.20250345488847718
-0.09548015471492682
-0.18254995583669256
0.03227749915983732
0.0010059681770307476
0.06194443624177172
-0.09495694654348152
-0.032677906497806344
0.0010059681770307476
-0.06055591021509774
-0.17224774632971182
-0.17224774632971182
-0.1473318938731864
-0.005113747004209356
-0.016663600218780234
0.15087198922020525
-0.08493487488736866
-0.16205834484845993
-0.244197960928961
0.1843234149289927
0.012003910569672871
-0.22692687429885403
0.024627990471829002
0.13275629893123914
-0.3055942261730548
-0.2837200354827631
0.01512299322361539
-0.03562191512402982
0.2028733772794135
-0.12563394039052486
-0.0023251950330934264
0.2028733772794135
0.41723817334122215
0.021519115900245658
0.021519115900245658
0.021519115900245658
-0.11431753589713181
0.10197067721801258
-0.2462637277897116
-0.24338423027831452
0.008752201696178527
0.07099860106066348
0.13068542042289794
-0.03857823968095732
-0.06378562800995138
-0.07308711095852626
-0.09151980640927056
0.034588331144626984
-0.28685736951974244
-0.1749524222170301
0.0735907127676553
0.013876822465883032
0.013876822465883032
0.18882179938083787
0.012242615259726315
-0.12279243177383681
0.23294133386079036
-0.12279243177383681
-0.07974472655268068
-0.12279243177383681
-0.07497915614706924
0.11406117591912611
-0.010236070969673378
-2.7422564039664236E-4
0.09944014593156508
0.09944014593156508
0.09944014593156508
-0.0543604812508302
0.01817902418788769
0.21439243001071015
-0.06764610600295977
-0.17156734225179435
-0.17156734225179435
-0.1335508267458523
0.007156976884971487
-0.04328231546974123
-0.011894544846497027
0.2752180544747116
-0.1832202183297228
-0.1510438899244456
-0.14402704998260146
0.2752180544747116
-0.1832202183297228
-0.17723383653944452
-0.0873759754573996
0.2524788728226439
-0.09936178249334324
0.0024706588551990007
0.017306035947451632
-0.11828026758726014
-0.08788899918392666
0.06439795699092345
-0.08788899918392666
-0.08788899918392666
0.045820405869848736
0.02246247483019952
0.08613615275297969
0.18481799099001525
0.017998339691714604
-0.10987783021473545
0.22096732560308066
0.12768225565658078
0.008486394214677345
0.19450393675939584
0.21417884101229334
