0.08642700568888106
0.13550807745128973
-0.1820830856290617
0.0160236697247606
0.13955972214206575
-0.09850587028332494
0.015324810326081592
0.04371190291742914
0.17750929730130896
0.0846203611696541
-0.24880965105300926
0.15555086943902768
-0.07962110669325367
-0.1015102506259582
-0.05474953457970492
-0.05962634539567102
2.6562780995286053E-4
-0.12903393673097355
0.027933849454992776
-0.0645892199339103
0.014720963649177222
0.22166850260675489
0.07215778167648201
0.06281758765805255
0.08033431027030674
0.13503545182613502
0.005549498434671971
0.19776605086035726
0.08404925474699632
0.05412722891073595
-0.12819667889789163
-0.1789499618035508
-0.2654090381750539
-0.17795286347459527
0.2838635533285099
0.17803286398977544
0.12512754518414074
0.014949123003555114
-0.06292375897600826
0.034436438636510844
-0.06017419877669136
0.07279028593420943
-0.17412700348005236
0.043605355122040966
0.20270134930976322
-0.0854722764974928
0.08800141942505703
-0.034730971490218025
-0.054074749452545284
-0.0680102017695105
0.08418639344756504
0.026930069932094704
0.04499198515166667
-0.2954978653893767
0.12037760131140875
0.0514819144743066
-0.004553967757452924
-0.0744454422785026
-0.06840009814785807
-0.015072153989814442
-0.023056923785798242
-0.09135442765043457
-0.04210836515678744
-0.26870838019899806
-0.13515257604925052
0.08299642119170726
0.04091377992531159
0.035144888138099774
0.10448152452115839
0.14409294131807893
0.017607414909710725
-0.09381800855403527
-0.0820260865661879
0.11313740850982815
-0.14583288255139562
0.04680433090362724
-0.24296128082658291
0.046965348392926036
-0.28124886051006026
0.2662211910163791
-0.1051798153329003
0.08624940460366036
-0.24710342310998454
0.0739043051126864
-0.020018881624377916
0.16681847472640218
-0.060327930081053055
0.309239438991948
-0.0020859933845239847
-0.17243904203236352
-0.09604004341815178
-0.382764193074399
0.1360373205169038
-0.0928282218449508
0.008418471721987675
0.04169432827262636
0.23208339393099967
-0.09771240087147444
-0.03752758903909698
-0.04475158399259201
0.0013736479664747886
-0.04508208303194055
-0.13568415922952898
0.09078417716377778
-0.12075070708796191
-0.014937834544091488
0.07347311369342947
-0.1232980310189681
0.08493641362667698
0.09729802565183422
-0.02290456279530166
0.03402203767377598
0.18774805132213937
0.00789017508322988
-0.03053387755530642
-0.015048417797112894
0.27666484250206724
0.1791318371705665
-0.09027029236376717
0.0342854067072596
-0.02019355994408002
-0.031093092849004453
-0.18415715993872772
-0.004093328249920823
0.2062054764360095
0.21439279349978127
0.026822919183160054
-0.06510991409350707
-0.06559987455662536
0.12225317213100348
-0.024250727574904787
0.06693290137555785
-0.2599844459044986
0.11524786565685083
-0.1207668235431632
0.07008810172173775
-0.10675044124218337
-0.11079242521177994
0.045530299441858234
0.21644001720200762
0.02652579750609173
-0.029825009378282
-0.15546760105908308
-0.16064518944971878
-0.07227887581652517
-0.12288754260089023
-0.08048448534414292
-0.17300541036435907
0.03173228420451841
-0.16936175932073744
-0.08321957086854016
-0.08103376689074838
-0.0817794499787032
-0.03425742502614058
-0.2846172858626244
0.3595804251682439
0.25322090340937364
0.103431150672173
-0.11945131892374243
0.19932726866458728
0.10816075414484268
0.019973322248144586
0.20758726056701704
0.11716169559736456
-0.28324246108954626
0.025318863181076484
-0.30934971413607226
0.006297561454323708
-0.021142949567230295
-0.06211478603129595
-0.09926526845609167
-0.1147479479697257
0.13764151804332583
-0.008545462016634451
-0.03775701789795442
0.18502802290274184
0.0680653597211277
0.12793781210829297
0.13366460314662693
0.146603101701003
-0.05881343648434757
0.11893315941566265
-0.08655073153900134
-0.18811596339955142
0.10307427847923017
0.03472177811563442
0.17642967545876398
0.08838687797950968
-0.21568022611930396
0.011137224322638459
0.1923890706310292
-0.033243638414973777
-0.16413961994491907
0.06880930684960979
-0.13496466588267247
-0.09516083783286709
-0.23857851110999892
-0.19083195004971779
-0.12570869649340002
-0.058558329157669356
-0.16560097006925392
-0.043700328102969484
-0.1590730462815729
-0.14922495031830874
-0.2158470043321286
0.1182554197071148
0.05503505696154646
-0.2822549821016159
-0.1846462506663546
-0.14015078994067978
-0.044675673873798685
-0.14254042972933056
-0.3706940225177442
-0.19383688612837752
0.004587434252605431
-0.017628716628215486
-0.1244568207346485
-0.09934515989274977
-0.24323258193158273
-0.102132128504687
0.2572249413064182
0.029672492774756542
0.3113942270287932
-0.2607783412811774
0.36369973161075736
-0.0839585373077939
0.05037013633564444
-0.19043218695339817
0.045138961656221915
-0.17917484733148395
-0.24030195060359807
-0.0916213161115009
-0.21228075908724983
0.08101554668345289
-0.0772761301677989
0.0738748877994318
0.08517776406694523
0.21065476548212578
0.07268765808315346
-0.1275009695203278
-0.13604436314148746
-0.18191229851690272
-0.03058296353658548
-0.059719182478055036
-0.08901184662335304
-0.2016294700251441
-0.17960786336855536
0.03669544099093051
-0.1463156423737471
0.03500690846529582
0.12318994605112189
0.03592106564595558
-0.054605524283529286
0.194035596275537
-0.12148538043646175
0.036230994624648315
-0.0645467915739718
0.026215460968593292
-0.052182707101997225
-0.11648608036270194
0.1021653887875186
0.011677249053710726
0.33019132412039287
0.222426472653071
0.05351462861009131
0.03147426782334619
0.07236104946357684
-0.05055506454897978
-0.30302899798700306
0.014093080950046443
0.004394990071142752
-0.026327408016129292
0.08625612413535638
-0.14142937222849403
-0.08808908473275659
-0.08840756242086387
0.060094295764525824
0.1823239739706557
-0.006631712226061254
-0.09101995566794154
-0.012115392889740359
-0.0958444922089326
0.22421247978916495
-0.11844610789863069
-0.09740105291727945
0.09767427566535286
-0.08234988028452597
0.22723931120036472
-0.22690182365119166
0.09312075776747351
-0.12640312224269154
0.22766128955755216
-0.06074971285747764
0.0383780646221756
-0.030733283528329977
-0.21555564963104973
0.03100210657479501
-0.02492414974983746
-0.15988614149684482
0.2103273573727224
0.14838542248951472
0.0017301549750380683
0.007570986724798255
-0.06161320647656032
-0.09447009783844264
-0.013903442279720098
-0.07612896915712813
0.0659220882042825
0.15445988745272818
-0.12340992236864445
0.1484102739434413
-0.01372863088830321
0.0808859300165521
-0.02408846796621111
0.028242632608374136
-0.01577262924537799
0.016255909844110603
0.03319816370412526
0.16869864423389025
0.012422879790290598
0.14335488726466078
-0.06214182175433121
-0.10462665597281093
0.14311496896668627
-0.12977775484014295
-0.20184796083556428
-0.05667751204642362
-0.0856281620242055
-0.08065509370705386
-0.017053401544242577
-0.12158194646383295
0.07064098805914101
0.3069865263711526
0.10843468747485788
-0.011039947591387213
0.19030859797352506
-0.05238707409189896
-0.14515189274896198
-0.08378710794902809
-0.027702970594924166
-0.0072615400845599575
-0.04472087983082425
0.08579252746114752
-0.18683899001027598
0.30803464677060843
0.22430112125465712
-0.045630898893039694
-0.04446392849262048
-0.04814550204492842
-0.13600008567458627
-0.17553559593255244
0.17007448889725757
0.12320418115546329
-0.0333692877772314
0.13850962213806342
-0.159317942149707
0.02287629872390398
0.053891518819045324
0.14021219446827943
-0.23544126182815914
0.08700827609640192
0.043774846603054265
0.006898512121692717
0.008741980584682365
-0.10930716097084443
0.004971115452811726
-0.16761078513024527
0.15778853493202236
-0.07980178563883417
-0.18330614474157642
-0.2055848831315309
-0.04330862861018441
-0.021859938402919544
-0.08879054128222982
-0.11372397159882797
-0.0442781614697942
0.012771462007977392
0.28587752919101495
-0.20387873334026488
-0.2732040146977136
0.16385505038942283
0.13790148933104385
0.16207997075211425
0.10068372610463375
0.1418476133473811
-0.14915244661857763
0.06992119912300981
-0.04979993989222198
0.007712833868129212
-0.1540137489806825
-0.058172596613707876
0.05233257347567168
-0.1751576503380586
0.09677850919571093
-0.11762680206753161
-0.05003519518610987
-0.13985244546529468
0.0059307594504947984
-0.04137698519212665
0.083215613936572
0.045544781058769246
0.010031525814484432
0.189368214614687
0.04996352618571074
-0.2041081942917596
-0.0946820836878474
-0.005892860791338813
-0.0676285408363778
0.16021713260959214
-0.11367643717388949
-0.3634282818462177
0.0034646172789406836
-0.08005653605585727
-0.10777899073291303
0.27330994351594634
0.05280639176472386
-0.013089510931383282
-0.07514389918396931
-0.18287558376522697
-0.24362365390687515
-0.03394871466780076
-0.08106814114073596
0.10725211038255991
-0.04694213869419003
-0.17799593570481445
-0.047626170091149715
-0.06818914212036144
-0.06040283546281212
-0.18213317095178738
-0.022927090638721198
0.03455844819855858
0.16309790798549462
-0.18219107572017357
0.09739792097741265
0.17761820725904182
0.2505091562918998
0.183408761602894
0.037629832417105234
0.05001062201922907
-0.12836289686579333
-0.08450188491103955
-0.17034034410384574
0.050149323444371965
0.0575019940067479
0.047843525396500525
-0.0813472535743872
-0.1412488452334505
-0.17653367020612298
